     1.000000    0.342057
     0.992046    0.341820
     0.982972    0.335635
     0.973927    0.327678
     0.964081    0.321476
     0.953835    0.316629
     0.943277    0.311343
     0.931896    0.305133
     0.919302    0.298534
     0.905531    0.291372
     0.890655    0.283728
     0.874719    0.275666
     0.857822    0.267235
     0.840141    0.258525
     0.821882    0.249645
     0.803223    0.240683
     0.784261    0.231688
     0.765035    0.222675
     0.745578    0.213658
     0.725931    0.204653
     0.706141    0.195678
     0.686249    0.186750
     0.666286    0.177883
     0.646272    0.169084
     0.626218    0.160360
     0.606138    0.151719
     0.586044    0.143166
     0.565951    0.134712
     0.545869    0.126368
     0.525811    0.118142
     0.505787    0.110046
     0.485808    0.102092
     0.465884    0.094293
     0.446027    0.086661
     0.426250    0.079213
     0.406567    0.071965
     0.386999    0.064934
     0.367565    0.058138
     0.348288    0.051598
     0.329192    0.045332
     0.310307    0.039357
     0.291679    0.033699
     0.273378    0.028385
     0.255484    0.023438
     0.238080    0.018880
     0.221240    0.014722
     0.205020    0.010965
     0.189457    0.007602
     0.174614    0.004626
     0.160599    0.002036
     0.147509   -0.000183
     0.135397   -0.002055
     0.124258   -0.003619
     0.114047   -0.004918
     0.104699   -0.005992
     0.096136   -0.006878
     0.088281   -0.007602
     0.081062   -0.008185
     0.074410   -0.008648
     0.068239   -0.009049
     0.062506   -0.009408
     0.057214   -0.009654
     0.052338   -0.009740
     0.047811   -0.009683
     0.043519   -0.009588
     0.039382   -0.009546
     0.035347   -0.009622
     0.031381   -0.009860
     0.027465   -0.010286
     0.023631   -0.010850
     0.019972   -0.011407
     0.016548   -0.011841
     0.013396   -0.012071
     0.010539   -0.012031
     0.007993   -0.011669
     0.005774   -0.010932
     0.003900   -0.009768
     0.002388   -0.008121
     0.001235   -0.005965
     0.000430   -0.003246
     0.000000    0.000000
    -0.000982    0.001559
    -0.001784    0.003029
    -0.002813    0.005592
    -0.003182    0.007771
    -0.002942    0.009620
    -0.002121    0.011176
    -0.000772    0.012486
     0.001053    0.013593
     0.003314    0.014536
     0.005973    0.015351
     0.008987    0.016077
     0.012301    0.016763
     0.015831    0.017467
     0.019443    0.018271
     0.023002    0.019247
     0.026500    0.020400
     0.029965    0.021711
     0.033449    0.023155
     0.037034    0.024695
     0.040838    0.026284
     0.045007    0.027884
     0.049585    0.029519
     0.054565    0.031244
     0.059912    0.033123
     0.065679    0.035166
     0.071979    0.037370
     0.078893    0.039758
     0.086509    0.042360
     0.094928    0.045213
     0.104277    0.048354
     0.114688    0.051817
     0.126285    0.055635
     0.139161    0.059827
     0.153328    0.064391
     0.168706    0.069296
     0.185170    0.074503
     0.202648    0.079993
     0.221080    0.085749
     0.240351    0.091743
     0.260292    0.097932
     0.280707    0.104265
     0.301418    0.110698
     0.322303    0.117204
     0.343296    0.123772
     0.364352    0.130395
     0.385438    0.137071
     0.406533    0.143797
     0.427622    0.150573
     0.448698    0.157400
     0.469762    0.164281
     0.490816    0.171216
     0.511864    0.178207
     0.532912    0.185254
     0.553965    0.192358
     0.575027    0.199515
     0.596100    0.206724
     0.617185    0.213980
     0.638285    0.221277
     0.659398    0.228608
     0.680518    0.235963
     0.701619    0.243324
     0.722645    0.250662
     0.743523    0.257942
     0.764183    0.265126
     0.784575    0.272188
     0.804663    0.279103
     0.824373    0.285837
     0.843534    0.292328
     0.861926    0.298497
     0.879347    0.304272
     0.895672    0.309601
     0.910835    0.314481
     0.924738    0.318931
     0.937468    0.322803
     0.948960    0.326606
     0.959748    0.330578
     0.971049    0.333459
     0.983041    0.334515
     0.993962    0.336658
     1.000000    0.342057
