     1.000000    0.342057
     0.999460    0.342239
     0.974809    0.328378
     0.950066    0.314853
     0.933660    0.306080
     0.925243    0.301635
     0.900352    0.288697
     0.866944    0.271774
     0.799928    0.239112
     0.732790    0.207786
     0.665675    0.177613
     0.598695    0.148540
     0.531926    0.120638
     0.465411    0.094109
     0.399158    0.069281
     0.333140    0.046609
     0.267297    0.026676
     0.201535    0.010191
     0.135724   -0.002007
     0.102751   -0.006202
     0.078072   -0.008401
     0.069701   -0.008953
     0.053341   -0.009737
     0.028545   -0.010149
     0.003673   -0.009574
     0.000000    0.000000
    -0.002918    0.009695
     0.018871    0.018133
     0.040998    0.026348
     0.055804    0.031675
     0.063440    0.034375
     0.086178    0.042247
     0.117046    0.052597
     0.180085    0.072899
     0.244590    0.093059
     0.310275    0.113454
     0.376897    0.134361
     0.444256    0.155957
     0.512197    0.178317
     0.580607    0.201420
     0.649419    0.225139
     0.718606    0.249253
     0.788188    0.273435
     0.858226    0.297261
     0.893448    0.308881
     0.919859    0.317373
     0.928827    0.320207
     0.946366    0.325668
     0.972978    0.333731
     0.999705    0.341523
     1.000000    0.342057
