     1.000000    0.193663
     0.997326    0.191586
     0.994130    0.190260
     0.990988    0.189648
     0.987572    0.189438
     0.983532    0.189524
     0.978058    0.189821
     0.968132    0.189521
     0.953169    0.186754
     0.940875    0.184554
     0.926463    0.182180
     0.909978    0.179236
     0.893546    0.176206
     0.877248    0.173087
     0.860756    0.169844
     0.844090    0.166501
     0.827394    0.163099
     0.810702    0.159659
     0.794049    0.156201
     0.777426    0.152737
     0.760811    0.149273
     0.744194    0.145818
     0.727572    0.142382
     0.710954    0.138977
     0.694349    0.135612
     0.677760    0.132295
     0.661184    0.129032
     0.644617    0.125827
     0.628052    0.122684
     0.611484    0.119606
     0.594910    0.116595
     0.578328    0.113654
     0.561737    0.110782
     0.545133    0.107981
     0.528517    0.105250
     0.511884    0.102587
     0.495233    0.099988
     0.478561    0.097451
     0.461865    0.094971
     0.445143    0.092543
     0.428392    0.090159
     0.411612    0.087811
     0.394804    0.085493
     0.377971    0.083195
     0.361121    0.080906
     0.344265    0.078616
     0.327424    0.076317
     0.310619    0.073996
     0.293864    0.071641
     0.277169    0.069237
     0.260533    0.066770
     0.243953    0.064224
     0.227431    0.061581
     0.210979    0.058828
     0.194616    0.055951
     0.178363    0.052939
     0.162223    0.049774
     0.146176    0.046437
     0.130176    0.042901
     0.114186    0.039144
     0.098307    0.035183
     0.082761    0.031052
     0.067692    0.026789
     0.054856    0.023014
     0.043971    0.019028
     0.033051    0.015242
     0.023546    0.013254
     0.016458    0.012296
     0.011234    0.011319
     0.007280    0.010064
     0.004276    0.008449
     0.002051    0.006422
     0.000816    0.004550
    -0.000049    0.002305
    -0.000100    0.000818
     0.000110   -0.000458
     0.000575   -0.001543
     0.001191   -0.002354
     0.001927   -0.002989
     0.002771   -0.003494
     0.003723   -0.003898
     0.004786   -0.004217
     0.005972   -0.004463
     0.007297   -0.004642
     0.008788   -0.004757
     0.010491   -0.004812
     0.012478   -0.004805
     0.014894   -0.004732
     0.018085   -0.004594
     0.023510   -0.004457
     0.032923   -0.005311
     0.041072   -0.007019
     0.051131   -0.008851
     0.062400   -0.010036
     0.077383   -0.011433
     0.092600   -0.012441
     0.108694   -0.013119
     0.124797   -0.013428
     0.140641   -0.013383
     0.156432   -0.013013
     0.172330   -0.012335
     0.188400   -0.011358
     0.204615   -0.010096
     0.220901   -0.008568
     0.237199   -0.006793
     0.253483   -0.004791
     0.269755   -0.002577
     0.286031   -0.000164
     0.302324    0.002437
     0.318638    0.005215
     0.334969    0.008157
     0.351312    0.011250
     0.367659    0.014483
     0.384008    0.017846
     0.400357    0.021329
     0.416708    0.024922
     0.433062    0.028618
     0.449417    0.032410
     0.465773    0.036289
     0.482130    0.040249
     0.498486    0.044285
     0.514841    0.048389
     0.531194    0.052557
     0.547546    0.056785
     0.563894    0.061068
     0.580240    0.065402
     0.596580    0.069784
     0.612914    0.074211
     0.629242    0.078680
     0.645561    0.083191
     0.661874    0.087742
     0.678182    0.092332
     0.694483    0.096962
     0.710774    0.101629
     0.727048    0.106333
     0.743295    0.111072
     0.759510    0.115845
     0.775697    0.120656
     0.791874    0.125514
     0.808065    0.130428
     0.824288    0.135406
     0.840525    0.140446
     0.856717    0.145530
     0.872770    0.150632
     0.888655    0.155754
     0.904573    0.160979
     0.920534    0.166276
     0.934766    0.171120
     0.945573    0.174861
     0.957455    0.178137
     0.968410    0.181834
     0.977006    0.186604
     0.981135    0.189392
     0.984129    0.191361
     0.986627    0.192857
     0.988863    0.194004
     0.990959    0.194846
     0.993013    0.195379
     0.995135    0.195537
     0.997576    0.195067
     1.000000    0.193663
