     1.000000    0.193663
     0.999523    0.193198
     0.974905    0.189909
     0.950197    0.186149
     0.933815    0.183441
     0.925413    0.181994
     0.900567    0.177515
     0.867230    0.171126
     0.800398    0.157521
     0.733506    0.143606
     0.666695    0.130110
     0.600057    0.117522
     0.533640    0.106084
     0.467442    0.095793
     0.401416    0.086401
     0.335468    0.077417
     0.269457    0.068103
     0.203194    0.057478
     0.136447    0.044313
     0.102804    0.036329
     0.077526    0.029590
     0.068931    0.027139
     0.052101    0.022087
     0.026512    0.013723
     0.000739    0.004397
    -0.000049    0.002305
    -0.000048    0.000286
     0.023034   -0.004455
     0.046322   -0.008116
     0.061829   -0.009980
     0.069803   -0.010771
     0.093463   -0.012487
     0.125397   -0.013433
     0.190045   -0.011242
     0.255560   -0.004520
     0.321757    0.005765
     0.388478    0.018787
     0.455592    0.033865
     0.522996    0.050460
     0.590615    0.068179
     0.658402    0.086770
     0.726334    0.106126
     0.794420    0.126284
     0.862694    0.147422
     0.896920    0.158455
     0.922532    0.166939
     0.931217    0.169865
     0.948189    0.175660
     0.973898    0.184645
     0.999663    0.193927
     1.000000    0.193663
