     1.000000    0.193584
     0.999523    0.193119
     0.974905    0.189830
     0.950198    0.186070
     0.933816    0.183362
     0.925414    0.181915
     0.900568    0.177436
     0.867231    0.171047
     0.800400    0.157442
     0.733509    0.143527
     0.666699    0.130031
     0.600061    0.117443
     0.533645    0.106006
     0.467448    0.095715
     0.401423    0.086323
     0.335475    0.077339
     0.269465    0.068025
     0.203203    0.057400
     0.136457    0.044235
     0.102814    0.036251
     0.077536    0.029512
     0.068941    0.027061
     0.052112    0.022009
     0.026523    0.013646
     0.000750    0.004320
    -0.000038    0.002228
    -0.000037    0.000209
     0.023045   -0.004532
     0.046333   -0.008193
     0.061839   -0.010057
     0.069813   -0.010848
     0.093473   -0.012564
     0.125407   -0.013510
     0.190054   -0.011319
     0.255568   -0.004597
     0.321765    0.005688
     0.388485    0.018709
     0.455598    0.033787
     0.523001    0.050382
     0.590620    0.068101
     0.658406    0.086692
     0.726337    0.106048
     0.794422    0.126205
     0.862696    0.147343
     0.896921    0.158376
     0.922533    0.166860
     0.931218    0.169786
     0.948190    0.175581
     0.973898    0.184566
     0.999663    0.193848
     1.000000    0.193584
