     1.000000    0.193584
     0.997511    0.191615
     0.994576    0.190315
     0.991745    0.189672
     0.988742    0.189392
     0.985333    0.189377
     0.981094    0.189577
     0.974751    0.189830
     0.962004    0.188502
     0.948752    0.185795
     0.936705    0.183824
     0.921836    0.181280
     0.905602    0.178361
     0.889639    0.175388
     0.873703    0.172317
     0.857544    0.169125
     0.841229    0.165842
     0.824903    0.162508
     0.808580    0.159139
     0.792299    0.155757
     0.776046    0.152370
     0.759801    0.148983
     0.743552    0.145605
     0.727300    0.142247
     0.711053    0.138918
     0.694820    0.135628
     0.678604    0.132383
     0.662403    0.129190
     0.646213    0.126053
     0.630025    0.122975
     0.613836    0.119959
     0.597643    0.117007
     0.581442    0.114121
     0.565232    0.111302
     0.549012    0.108550
     0.532779    0.105864
     0.516532    0.103244
     0.500266    0.100688
     0.483981    0.098190
     0.467673    0.095748
     0.451339    0.093357
     0.434977    0.091011
     0.418585    0.088703
     0.402165    0.086425
     0.385717    0.084170
     0.369248    0.081930
     0.352767    0.079692
     0.336290    0.077450
     0.319836    0.075193
     0.303425    0.072911
     0.287070    0.070590
     0.270778    0.068219
     0.254548    0.065783
     0.238379    0.063266
     0.222276    0.060653
     0.206246    0.057932
     0.190300    0.055088
     0.174450    0.052108
     0.158698    0.048978
     0.143035    0.045680
     0.127440    0.042194
     0.111900    0.038508
     0.096455    0.034626
     0.081258    0.030555
     0.066664    0.026420
     0.053987    0.022647
     0.044399    0.019122
     0.036485    0.016232
     0.028803    0.014099
     0.020209    0.012724
     0.011613    0.011299
     0.006035    0.009321
     0.002968    0.007183
     0.001204    0.005081
     0.000178    0.003051
    -0.000119    0.001112
     0.000134   -0.000552
     0.000715   -0.001848
     0.001574   -0.002862
     0.002694   -0.003651
     0.004081   -0.004248
     0.005758   -0.004673
     0.007774   -0.004937
     0.010218   -0.005044
     0.013258   -0.004991
     0.017267   -0.004781
     0.023336   -0.004530
     0.035132   -0.005752
     0.046022   -0.008135
     0.055723   -0.009460
     0.069125   -0.010782
     0.083790   -0.011984
     0.099071   -0.012835
     0.114710   -0.013354
     0.130248   -0.013529
     0.145689   -0.013377
     0.161162   -0.012921
     0.176744   -0.012172
     0.192456   -0.011145
     0.208264   -0.009854
     0.224119   -0.008315
     0.239988   -0.006544
     0.255857   -0.004559
     0.271729   -0.002374
     0.287613    0.000002
     0.303515    0.002556
     0.319438    0.005277
     0.335377    0.008153
     0.351328    0.011174
     0.367286    0.014329
     0.383248    0.017608
     0.399214    0.021002
     0.415183    0.024503
     0.431156    0.028104
     0.447133    0.031796
     0.463113    0.035574
     0.479094    0.039430
     0.495076    0.043358
     0.511058    0.047355
     0.527040    0.051413
     0.543021    0.055530
     0.559000    0.059700
     0.574977    0.063922
     0.590951    0.068190
     0.606920    0.072502
     0.622883    0.076855
     0.638839    0.081249
     0.654788    0.085681
     0.670732    0.090151
     0.686671    0.094658
     0.702602    0.099203
     0.718521    0.103784
     0.734418    0.108398
     0.750284    0.113044
     0.766120    0.117725
     0.781933    0.122444
     0.797746    0.127212
     0.813585    0.132037
     0.829456    0.136925
     0.845327    0.141868
     0.861127    0.146846
     0.876762    0.151832
     0.892252    0.156847
     0.907848    0.161985
     0.923336    0.167126
     0.936522    0.171670
     0.946567    0.175093
     0.958087    0.178228
     0.968259    0.181688
     0.976644    0.186286
     0.980605    0.188953
     0.983449    0.190847
     0.985805    0.192307
     0.987894    0.193457
     0.989830    0.194348
     0.991689    0.194996
     0.993541    0.195384
     0.995481    0.195441
     0.997739    0.194928
     1.000000    0.193584
