4.446693759031170146e+00 2.161300643002657118e+00
4.474261854039959907e+00 2.046155815153792190e+00
4.180353937508916928e+00 1.857497512734242573e+00
3.881753264276331716e+00 1.669867925498714545e+00
3.683764654818071360e+00 1.547635585434683714e+00
3.579216119697803400e+00 1.483778313731527243e+00
3.273443561181087258e+00 1.299710947850660103e+00
2.858436341338862707e+00 1.056256097563644136e+00
2.019829300273974226e+00 5.867351621765711789e-01
1.177071728681840845e+00 1.460849801632676248e-01
3.364064517615142913e-01 -2.601968167097788442e-01
-4.988090771473269180e-01 -6.281271657993870994e-01
-1.328102776564389131e+00 -9.552375735856893924e-01
-2.153887936868753794e+00 -1.240574115672126609e+00
-2.981463220298883332e+00 -1.484697436785450853e+00
-3.819012660952617821e+00 -1.689682750775724163e+00
-4.677605664787177098e+00 -1.859119840616318964e+00
-5.571197009619161200e+00 -1.998113058403918618e+00
-6.516626845124545930e+00 -2.113281325358516316e+00
-7.014832712521305247e+00 -2.164413655149342475e+00
-7.398644386698469688e+00 -2.200575303752613010e+00
-7.533620692838688626e+00 -2.212758131823416186e+00
-7.795033637452712050e+00 -2.235703188841950073e+00
-8.205246858065471827e+00 -2.270337282132025347e+00
-8.630585669766020374e+00 -2.305046545203847774e+00
-8.647494256909521226e+00 -2.298249637674293133e+00
-8.647494256909521226e+00 -2.298249637674293133e+00
-8.640406937939150822e+00 -2.276209213203987503e+00
-8.341551940830433054e+00 -1.870116571764379065e+00
-8.042722544654042238e+00 -1.508435882447823007e+00
-7.846686163358758570e+00 -1.293531332194984840e+00
-7.743724975441315550e+00 -1.187345308515417974e+00
-7.444375332441111048e+00 -9.031851742281904460e-01
-7.041115029044973994e+00 -5.732724768988319841e-01
-6.230199778933716459e+00 -6.314078063412997821e-02
-5.411170351292312830e+00 2.947820827621001616e-01
-4.581772508443068936e+00 5.499423740550484219e-01
-3.740267836763256248e+00 7.433142886121207882e-01
-2.885433746685124312e+00 9.073999564029349152e-01
-2.016563472695893644e+00 1.066229441999322569e+00
-1.133466073337757951e+00 1.235360744575328518e+00
-2.364664312078866293e-01 1.421879797907210641e+00
6.735947470415829530e-01 1.624400470373440930e+00
1.595360930703533242e+00 1.833064564954703046e+00
2.526959765015881487e+00 2.029541819233895872e+00
2.995720269662769830e+00 2.115165593872665006e+00
3.345442870665108259e+00 2.170186288364065241e+00
3.466003071161563032e+00 2.187029905396130403e+00
3.695854197627312043e+00 2.215707119472473341e+00
4.046790001405009995e+00 2.249669633558085469e+00
4.398076159636305604e+00 2.269853215981171068e+00
4.446693759031170146e+00 2.161300643002657118e+00
