7.569910713772852517e+00 4.157111988132058400e+00
7.542932938790331221e+00 4.114996931444903971e+00
7.071575908454191151e+00 3.939267433152542353e+00
6.596891246878695547e+00 3.755721458070468977e+00
6.282526215797957114e+00 3.631185218634571221e+00
6.119494643520475563e+00 3.565805236865872807e+00
5.639958451324241118e+00 3.370863204419316084e+00
4.994489503777466588e+00 3.103726423626252284e+00
3.699320916075513388e+00 2.559515129100588204e+00
2.404564996452223546e+00 2.016273175895130887e+00
1.115524417529470513e+00 1.486456336447067095e+00
-1.647400192091254545e-01 9.772543147932148955e-01
-1.435409383418189133e+00 4.905907465700283243e-01
-2.697906615890596438e+00 2.312319901359427554e-02
-3.955896528557472092e+00 -4.337568290403654991e-01
-5.215285804488191346e+00 -8.939239071564968331e-01
-6.484222997890381812e+00 -1.376518673299811590e+00
-7.773098534109915470e+00 -1.905947833835687222e+00
-9.094544709630916657e+00 -2.511884163529866321e+00
-9.772042391420118435e+00 -2.854255199503840323e+00
-1.028620920805279759e+01 -3.130543226337966445e+00
-1.046343569207575541e+01 -3.229266505548459953e+00
-1.080901000702159465e+01 -3.427112142993911093e+00
-1.134139712427234414e+01 -3.746198949692304048e+00
-1.188436623226280453e+01 -4.090142442440395598e+00
-1.191352372247081526e+01 -4.137377565698244553e+00
-1.191352372247081526e+01 -4.137377565698244553e+00
-1.192089877393810937e+01 -4.175955966696563770e+00
-1.151182234072637911e+01 -4.146521176818560583e+00
-1.109661216507982751e+01 -4.102678463728157254e+00
-1.081971688722418001e+01 -4.066157222149013428e+00
-1.067548812265092373e+01 -4.044944306809790113e+00
-1.024866545433685516e+01 -3.973824298587411707e+00
-9.667745356294934922e+00 -3.858310263124345774e+00
-8.478263086144000482e+00 -3.562352031725682266e+00
-7.255048067228527131e+00 -3.187156881087710225e+00
-6.001638526267655926e+00 -2.741035968618671603e+00
-4.721332926242513217e+00 -2.231737256000362990e+00
-3.417189966396208867e+00 -1.666445509188132501e+00
-2.092028582233840250e+00 -1.051782298410881333e+00
-7.484279455224931432e-01 -3.938059981710657076e-01
6.112725357087611666e-01 3.019882127553065732e-01
1.984973217168862991e+00 1.030668351318672515e+00
3.370814218304771792e+00 1.787865630195919264e+00
4.767175422301455079e+00 2.569774457790377831e+00
5.468860374265003266e+00 2.968960453814052158e+00
5.993533952558497191e+00 3.269928456507718462e+00
6.172676476081893071e+00 3.373152438231824313e+00
6.519335620330525494e+00 3.573546297657459903e+00
7.046213199181766917e+00 3.879691412225902081e+00
7.574119145468181102e+00 4.188252122036161929e+00
7.569910713772852517e+00 4.157111988132058400e+00
