8.845769087118409146e+00 4.457925292028661168e+00
8.875936875490879174e+00 4.555790251603697882e+00
8.277835335193111987e+00 4.321105718261622819e+00
7.676298781394955029e+00 4.077872729942942698e+00
7.277337193903960610e+00 3.913254659389977519e+00
7.071945435945390379e+00 3.827629808007464440e+00
6.465354323431541594e+00 3.571817926591918546e+00
5.650320745519740839e+00 3.222789131873466051e+00
4.015723103815637351e+00 2.513456869260689341e+00
2.381526043500355350e+00 1.805121502865766558e+00
7.536929422160627556e-01 1.112623633832405812e+00
-8.638312194616171169e-01 4.457808331339061514e-01
-2.469119858023598901e+00 -1.906123584268420990e-01
-4.062264787027332957e+00 -7.967844302173553439e-01
-5.645376217096806926e+00 -1.377986901775558604e+00
-7.222582755922552167e+00 -1.944494322809786624e+00
-8.800031408261636656e+00 -2.511604273198781989e+00
-1.038588757593766942e+01 -3.099637362991696232e+00
-1.199033505784078990e+01 -3.733937232408088835e+00
-1.280326488422856279e+01 -4.077730581855922409e+00
-1.341622187201328131e+01 -4.349384729432441254e+00
-1.362557604992768745e+01 -4.444870551837927231e+00
-1.403516501863469657e+01 -4.635936171966462460e+00
-1.466089290333206918e+01 -4.939372272439616296e+00
-1.529424330260651566e+01 -5.261777941056605457e+00
-1.529579223027475976e+01 -5.242843943193666867e+00
-1.529579223027475976e+01 -5.242843943193666867e+00
-1.527681119607220772e+01 -5.218395992822919993e+00
-1.477943306217349750e+01 -5.234374085579673874e+00
-1.427185434802313679e+01 -5.224966775627939874e+00
-1.393124891670387555e+01 -5.205575200861729535e+00
-1.375469006271186423e+01 -5.191704588982183566e+00
-1.322853116386740169e+01 -5.136058196623209504e+00
-1.251069149259456381e+01 -5.028908432310091214e+00
-1.103474731286778798e+01 -4.714404887675224032e+00
-9.512844157759911212e+00 -4.285526761463992251e+00
-7.953171317875863622e+00 -3.762654113905747000e+00
-6.362679594189140531e+00 -3.163084870952317829e+00
-4.747081298041807784e+00 -2.501034824278017155e+00
-3.110850251144495093e+00 -1.787637631279635819e+00
-1.457221785576404027e+00 -1.030944815076448862e+00
2.118072562146959825e-01 -2.359257645102122991e-01
1.895478521412471196e+00 5.955322658548385384e-01
3.594272146832021342e+00 1.464624155731987454e+00
5.309906758919872516e+00 2.375626919112034496e+00
6.174915155237544973e+00 2.849024216329278048e+00
6.824238389141259020e+00 3.211180254970006143e+00
7.045339473753983839e+00 3.335899704263297405e+00
7.476809278426761018e+00 3.581418484789200107e+00
8.132882163987359192e+00 3.960371864485534132e+00
8.792735438179370533e+00 4.348733207791337207e+00
8.845769087118409146e+00 4.457925292028661168e+00
