1.000000000000000000e+00 -2.796474774038965050e-02
9.997059834611180529e-01 -2.826461071307528536e-02
9.730568957304134292e-01 -2.325764231033088450e-02
9.465223185024991270e-01 -1.856525050582331221e-02
9.290342872991037559e-01 -1.562186259276121189e-02
9.200923792986656080e-01 -1.416031419980373629e-02
8.937580512700700197e-01 -1.001803535774556733e-02
8.586386109605340655e-01 -4.844948210809112317e-03
7.888038055675407056e-01 4.391174105695781413e-03
7.194244100050434243e-01 1.237622100299755855e-02
6.504384235575650930e-01 1.928051724334860564e-02
5.818273059092310406e-01 2.515499570500951895e-02
5.136159771437684984e-01 2.993119738224912091e-02
4.458728177445075436e-01 3.342127138534442543e-02
3.787096685943804886e-01 3.531797494058075415e-02
3.122818309759221034e-01 3.519467339025156988e-02
2.467880665712695876e-01 3.250534019265858415e-02
1.824705974621625981e-01 2.658455692211175378e-02
1.196151061299430551e-01 1.664751326892925307e-02
8.883676160860175253e-02 9.894994358795037789e-03
6.616497069415905319e-02 3.975764097191375294e-03
5.855073545555551651e-02 1.790007039437484021e-03
4.378765247778679953e-02 -2.752424446627988776e-03
2.172548701720516950e-02 -1.034638232536478145e-02
0.000000000000000000e+00 -1.886524365694304886e-02
2.909182089409029399e-03 -2.796474774038963315e-02
0.000000000000000000e+00 -2.796474774038963315e-02
3.662525688279756782e-03 -3.691865733466747485e-02
2.846219182030111997e-02 -3.684500220468266835e-02
5.318578428412695791e-02 -3.656236191461893076e-02
6.949840087590573867e-02 -3.627671911843353969e-02
7.784523040917468162e-02 -3.610350253066790110e-02
1.024517923691761617e-01 -3.549936284198079023e-02
1.353293163472018279e-01 -3.451358773685368753e-02
2.009488643230746274e-01 -3.216979985593026309e-02
2.665198842542826352e-01 -2.969269855101693695e-02
3.321710305030188271e-01 -2.743571560890162297e-02
3.979967723429112536e-01 -2.565837152780630140e-02
4.640573939590219577e-01 -2.452627551738709860e-02
5.303789944478479734e-01 -2.411112549873436692e-02
5.969534878173206049e-01 -2.439070810437253892e-02
6.637386029868060922e-01 -2.524889867826023149e-02
7.306578837871049448e-01 -2.647566127579017298e-02
7.976006889604526640e-01 -2.776704866378928299e-02
8.644221921605189651e-01 -2.872520232051860994e-02
8.977328498021888148e-01 -2.892930684364646010e-02
9.225509852140988398e-01 -2.890638944598995091e-02
9.309433819524081111e-01 -2.885835243567333452e-02
9.473018589573686254e-01 -2.869869470130291533e-02
9.719733663420758729e-01 -2.827296930892220228e-02
9.965527375226137519e-01 -2.759413269114419087e-02
9.970908179105909541e-01 -2.796474774038965050e-02
