1.058937956783352519e+01 3.726115719929071979e+00
1.058445931607509571e+01 3.700652822927354091e+00
9.899736055426421544e+00 3.330917433523541860e+00
9.214834012649225414e+00 2.984328951720557566e+00
8.761677618733889616e+00 2.766407328514162156e+00
8.529872142474724583e+00 2.658137003430593115e+00
7.844959471881010060e+00 2.349766263415089540e+00
6.928505810494636208e+00 1.960770500584249065e+00
5.097199168791539670e+00 1.245219771786315599e+00
3.269053560082303189e+00 5.843822624598866700e-01
1.444855118212458711e+00 -4.812716270127376239e-02
-3.751197555846047527e-01 -6.697058946491545317e-01
-2.191104392687656333e+00 -1.288763579981500929e+00
-4.003841857087624412e+00 -1.904722120941816588e+00
-5.814584945387593962e+00 -2.508015675419360324e+00
-7.625096186802799103e+00 -3.080090656949147743e+00
-9.437647843160634764e+00 -3.593405734711950572e+00
-1.125502190890065535e+01 -4.011431833534297553e+00
-1.308051011107455786e+01 -4.288652133888472662e+00
-1.399746505803901364e+01 -4.357778517190721956e+00
-1.468481735721989168e+01 -4.373094177160693263e+00
-1.491791390934621120e+01 -4.370562071892517331e+00
-1.537434913775986978e+01 -4.353571333364100404e+00
-1.606630005635063796e+01 -4.295637225534048476e+00
-1.676091969743701782e+01 -4.195544044554398333e+00
-1.682653558320431131e+01 -3.998496967292119564e+00
-1.682653558320431131e+01 -3.998496967292119564e+00
-1.687246002144410895e+01 -3.799669172542180284e+00
-1.627207426189758976e+01 -3.565310879349710582e+00
-1.565980990885751822e+01 -3.340424319234865713e+00
-1.524873700303730217e+01 -3.196416747863138230e+00
-1.503672293195643661e+01 -3.124123676139370254e+00
-1.440381997967330463e+01 -2.915558369226257440e+00
-1.354302799732131213e+01 -2.647100429146637346e+00
-1.178228902471769679e+01 -2.140074511880337482e+00
-9.981877101155138376e+00 -1.661846993317365850e+00
-8.154616887042344331e+00 -1.200734995208146749e+00
-6.310800687268018017e+00 -7.468647638004006772e-01
-4.458188451200877367e+00 -2.921716698391436662e-01
-2.602007772689657550e+00 1.695997914333096102e-01
-7.449538900630967575e-01 6.428960002773492777e-01
1.112810313870055356e+00 1.130354212456069263e+00
2.973654311821034568e+00 1.632802559235265738e+00
4.842479932021064748e+00 2.149260047383437566e+00
6.726721358221369407e+00 2.676936559171791075e+00
7.677638621956373477e+00 2.943615354661056394e+00
8.393111752068813658e+00 3.143522020286380503e+00
8.636345129693150824e+00 3.211232852374232394e+00
9.113606123703927864e+00 3.343603303279187866e+00
9.839847351523923535e+00 3.543472249043637223e+00
1.057261037134460047e+01 3.742706667762579542e+00
1.058937956783352519e+01 3.726115719929071979e+00
