1.069211394828235662e+01 3.362578556719837408e+00
1.067885121330434117e+01 3.371870256322494708e+00
1.000589010476298846e+01 3.084559828195776454e+00
9.329941368427869364e+00 2.805641164608413174e+00
8.881303289630222864e+00 2.625387136820401590e+00
8.651487246782009422e+00 2.534454059980065566e+00
7.970980345390982436e+00 2.270393867038474678e+00
7.057734554767121082e+00 1.927189470065333365e+00
5.226103002459893787e+00 1.271683119210914814e+00
3.392714880215911055e+00 6.517222997539957596e-01
1.562355013652398705e+00 6.301333305675604901e-02
-2.617131935035985624e-01 -4.958853536533014417e-01
-2.077747759415186302e+00 -1.023563227283343258e+00
-3.885528124135641637e+00 -1.515757648875211361e+00
-5.686355149608402826e+00 -1.965353873605420354e+00
-7.483051119667072371e+00 -2.362385050785158036e+00
-9.279959740035419458e+00 -2.694032223860286290e+00
-1.108294613832736530e+01 -2.944624330411337088e+00
-1.289939686404701469e+01 -3.095638202153521146e+00
-1.381539566021034560e+01 -3.127234937184739216e+00
-1.450419506297824768e+01 -3.129384854094150459e+00
-1.473821988858861687e+01 -3.125698564936717272e+00
-1.519736163817207419e+01 -3.111749857114521678e+00
-1.589548365039500410e+01 -3.072983345194068239e+00
-1.659917900116766987e+01 -3.011683158972926933e+00
-1.663781293329030930e+01 -2.888295563363025842e+00
-1.663781293329030930e+01 -2.888295563363025842e+00
-1.665629909855630686e+01 -2.761943993680143095e+00
-1.602524752152398335e+01 -2.505632756829022867e+00
-1.538904206456630064e+01 -2.273689141549602333e+00
-1.496542931055732417e+01 -2.132298798772999326e+00
-1.474800342819931664e+01 -2.063411573141370692e+00
-1.410243960569725807e+01 -1.872228054747078652e+00
-1.323187172897792685e+01 -1.641999307182122614e+00
-1.147064977924411622e+01 -1.249515461728210486e+00
-9.686652393132909822e+00 -9.159000364407360317e-01
-7.884116171560027198e+00 -6.088577308583723591e-01
-6.066625384579932501e+00 -3.027451700289996994e-01
-4.237111971385798981e+00 2.142909549030047600e-02
-2.397855540309525413e+00 3.760045896332426252e-01
-5.504833688217329879e-01 7.666689108243375239e-01
1.304029596468235352e+00 1.192457731978893154e+00
3.165360739812308033e+00 1.645754800503011595e+00
5.033839776323703497e+00 2.112291938293595184e+00
6.910448751976901782e+00 2.571149041738339136e+00
7.852287228068586700e+00 2.789341162320754464e+00
8.557754912491958521e+00 2.944268398482897009e+00
8.796822043607676278e+00 2.994754081715738536e+00
9.264852657179007522e+00 3.090220518643395309e+00
9.973718756461892099e+00 3.225218651243542567e+00
1.068450421191459299e+01 3.347154346881369147e+00
1.069211394828235662e+01 3.362578556719837408e+00
