7.617401453032216274e+00 2.198100187482842749e+00
7.607330800380353253e+00 2.195082040273880875e+00
7.203635320746208492e+00 2.061938437204011265e+00
6.799852145543335169e+00 1.929108847240544877e+00
6.533963941023976929e+00 1.841976538210794212e+00
6.395985299540631885e+00 1.796900188008165644e+00
5.992038633445191387e+00 1.665619899609951826e+00
5.449976250778108877e+00 1.491488658859738692e+00
4.365473241884355815e+00 1.152884703355570695e+00
3.280515238480250062e+00 8.321462638982897175e-01
2.195153541866469382e+00 5.352820163859299818e-01
1.109430430506843201e+00 2.683277204145647077e-01
2.337916002835119245e-02 3.734621927830203414e-02
-1.062976036778878308e+00 -1.515725600307129550e-01
-2.149619949961568022e+00 -2.923116068222990083e-01
-3.236546392403288674e+00 -3.787268267082380402e-01
-4.323758199824466963e+00 -4.046470416022761030e-01
-5.411267230782375037e+00 -3.638739897201224704e-01
-6.499094366671135603e+00 -2.501823255794496936e-01
-7.043136216582202458e+00 -1.640391877502597739e-01
-7.448706198616375396e+00 -8.648996383275847633e-02
-7.587269511721727255e+00 -5.731961999989482193e-02
-7.854329075452159081e+00 2.816217347953620109e-03
-8.260007123167977028e+00 1.042051865642664166e-01
-8.665742791904047948e+00 2.180032970669616987e-01
-8.683192188906653897e+00 2.836659859664348859e-01
-8.683192188906653897e+00 2.836659859664348859e-01
-8.680973194550656302e+00 3.476837030839503573e-01
-8.294927197887288273e+00 4.015347826897166517e-01
-7.907423801265859531e+00 4.548952437954250083e-01
-7.651522697948666796e+00 4.897689548153414396e-01
-7.518501333463765590e+00 5.077859483038258404e-01
-7.128198061895571591e+00 5.602262760553901044e-01
-6.602456813168637417e+00 6.299049800369248553e-01
-5.544092632091576434e+00 7.670778551402350764e-01
-4.477164475474651795e+00 9.015422019435156420e-01
-3.402403483211869695e+00 1.033475816643694589e+00
-2.320537614334078125e+00 1.162979669816385231e+00
-1.232291647008959767e+00 1.290077906415886044e+00
-1.383871785410381028e-01 1.414717845775180116e+00
9.604573746283248115e-01 1.536769981605936142e+00
2.063526776920928896e+00 1.656027981998507093e+00
3.170108973621734716e+00 1.772208689421931771e+00
4.279495090878863373e+00 1.884952120723933477e+00
5.390979435703602718e+00 1.993821467130920677e+00
5.947288784162124919e+00 2.046645848751208696e+00
6.362118178486645625e+00 2.085264331150876949e+00
6.503859495970394811e+00 2.098303094247986778e+00
6.777056605949202783e+00 2.123203179382314065e+00
7.192067959039775360e+00 2.160429606311071282e+00
7.607116191611170031e+00 2.196909342740419380e+00
7.617401453032216274e+00 2.198100187482842749e+00
