0.000000000000000000e+00 -7.441433351144995101e-02
7.879224402157650273e-04 -7.232275513761224350e-02
2.656010821007030037e-02 -6.299700999673067681e-02
5.214819340569940009e-02 -5.463338401307764325e-02
6.897742386280304727e-02 -4.958159398983797567e-02
7.757156912566517959e-02 -4.713053829901076019e-02
1.028487148257087869e-01 -4.039189825959150354e-02
1.364893129411381134e-01 -3.240781532510362412e-02
2.032338680759075145e-01 -1.924416368035361188e-02
2.694926832345694856e-01 -8.619014364621020372e-03
3.355005029042258391e-01 6.944194968484985889e-04
4.014452220916222558e-01 9.678086962596695736e-03
4.674678863231485626e-01 1.906909927495278531e-02
5.336626916448381497e-01 2.935972986003341709e-02
6.000769846223683590e-01 4.079741432774264265e-02
6.667112623410605954e-01 5.338475047177197730e-02
7.335191724058793827e-01 6.687949826960030986e-02
8.004075129414344181e-01 8.079457988249406919e-02
8.672362325919780179e-01 9.439807965550703339e-02
9.005716581319146430e-01 1.007873148695168780e-01
9.254164054350260127e-01 1.052662184415528585e-01
9.338184305214068948e-01 1.067132441174803992e-01
9.501991118081697385e-01 1.094208928931463820e-01
9.749062313330845164e-01 1.131805465523192528e-01
9.995233064486881425e-01 1.164696234543892428e-01
1.000000000000000000e+00 1.169347034994894646e-01
1.000000000000000000e+00 1.169347034994894646e-01
9.996627382056335609e-01 1.171983010538358294e-01
9.738990710941780593e-01 1.079170748639357580e-01
9.481920711645398514e-01 9.893199430770337199e-02
9.312207524060515107e-01 9.313764344588204569e-02
9.225357469309621861e-01 9.021174756956659713e-02
8.969246414640549281e-01 8.172781645327330258e-02
8.627008118919625712e-01 7.069573565177812713e-02
7.944304732741453989e-01 4.955826032397273734e-02
7.263478587253049401e-01 2.940184072505512905e-02
6.584185613611759358e-01 1.004666469185505270e-02
5.906356452405222557e-01 -8.543515364557333763e-03
5.230196453651384525e-01 -2.626138245887120123e-02
4.556185676798482631e-01 -4.285605503153522289e-02
3.885078890725054968e-01 -5.793308694875753256e-02
3.217905573739938130e-01 -7.095446750250573864e-02
2.555969913582263331e-01 -8.123862141050693098e-02
1.900850807421465283e-01 -8.796040881624761498e-02
1.254401861857273315e-01 -9.015112528897377409e-02
9.350830672211668526e-02 -8.920535585257689803e-02
6.984900965269055795e-02 -8.748903496880654218e-02
6.187513929197147045e-02 -8.669850182369087666e-02
4.636914024999128775e-02 -8.483501578495727946e-02
2.308202017551264432e-02 -8.117367860655912148e-02
1.505647115330910735e-06 -7.643261011982217801e-02
0.000000000000000000e+00 -7.441433351144995101e-02
