0.000000000000000000e+00 -1.855662445404255290e-01
3.662525460173596519e-03 -1.758996500325852863e-01
2.846219085138351756e-02 -1.674859642203534449e-01
5.318578280701617006e-02 -1.592946782670170147e-01
6.949839917492441066e-02 -1.539832463109226668e-01
7.784522862463766346e-02 -1.512909228482768875e-01
1.024517904479125274e-01 -1.434417732100078113e-01
1.353293144611094345e-01 -1.331220972153274174e-01
2.009488630279735732e-01 -1.128788764175075732e-01
2.665198838921362112e-01 -9.277752582906426126e-02
3.321710310733079763e-01 -7.244192682707917275e-02
3.979967735942905871e-01 -5.159590025411471548e-02
4.640573954809769086e-01 -3.006320641821402795e-02
5.303789957623511464e-01 -7.767545092900867386e-03
5.969534884704883471e-01 1.526744448282029570e-02
6.637386026405549533e-01 3.891818360446428621e-02
7.306578823108086373e-01 6.296115410206530594e-02
7.976006865225979681e-01 8.707289834017682695e-02
8.644221893203629659e-01 1.108300192178716809e-01
8.977328471177816738e-01 1.224159571049307088e-01
9.225509828559563807e-01 1.308836407749894015e-01
9.309433797516347697e-01 1.337091801687419201e-01
9.473018571391191855e-01 1.391546863151912339e-01
9.719733653099319470e-01 1.471937058918769414e-01
9.965527375571540114e-01 1.549633671012134728e-01
1.000000000000000000e+00 1.554956810051064675e-01
1.000000000000000000e+00 1.554956810051064675e-01
9.997059835732102773e-01 1.556768859035675134e-01
9.730568941770010305e-01 1.418564291912330078e-01
9.465223156662929682e-01 1.283707438032674064e-01
9.290342838034217898e-01 1.196229974722564787e-01
9.200923755185799191e-01 1.151909675278398465e-01
8.937580468434164205e-01 1.022907103492224634e-01
8.586386060653948826e-01 8.541681515346154219e-02
7.888038007763548132e-01 5.285033731976861160e-02
7.194244061986556638e-01 2.161524773182980225e-02
6.504384211070491917e-01 -8.469713515890028854e-03
5.818273047886866056e-01 -3.745874999511324827e-02
5.136159770431170113e-01 -6.527900894374961960e-02
4.458728181822885772e-01 -9.173058126589608841e-02
3.787096690305480351e-01 -1.164865015318368863e-01
3.122818309246407353e-01 -1.390927479780435516e-01
2.467880657137105915e-01 -1.589682425071748950e-01
1.824705957593002748e-01 -1.754048506880770131e-01
1.196151039353509915e-01 -1.875673817557832745e-01
8.883675945426479370e-02 -1.917501292918589451e-01
6.616496875264657462e-02 -1.939429966656749937e-01
5.855073362820252536e-02 -1.944935886115143064e-01
4.378765094224078280e-02 -1.952749757549374354e-01
2.172548611626563819e-02 -1.956856085327570161e-01
0.000000000000000000e+00 -1.855662445404255290e-01
