1.000000000000000000e+00 1.932904241788124811e-01
9.499999999999999556e-01 1.727696716925877229e-01
9.000000000000000222e-01 1.518606058669572101e-01
8.000000000000000444e-01 1.086219124585481172e-01
6.999999999999999556e-01 6.543211490777570138e-02
5.999999999999999778e-01 2.380628039078144104e-02
5.000000000000000000e-01 -1.567367438996103077e-02
4.000000000000000222e-01 -5.335898320564587405e-02
2.999999999999999889e-01 -9.053403030113503502e-02
2.500000000000000000e-01 -1.095867341129690836e-01
2.000000000000000111e-01 -1.294163503949581628e-01
1.499999999999999944e-01 -1.504458757484290476e-01
1.000000000000000056e-01 -1.731566286793128628e-01
7.499999999999999722e-02 -1.853088249151781941e-01
5.000000000000000278e-02 -1.980882495981447222e-01
2.500000000000000139e-02 -2.115714705771237492e-01
1.250000000000000069e-02 -2.186019288426396534e-01
0.000000000000000000e+00 -2.307114770632422707e-01
0.000000000000000000e+00 1.932904241788124811e-01
1.250000000000000069e-02 1.591542188943524672e-01
2.500000000000000139e-02 1.269350523224411498e-01
5.000000000000000278e-02 6.796201263019370498e-02
7.499999999999999722e-02 1.366965668638175750e-02
1.000000000000000056e-01 -3.791854192502810972e-02
1.499999999999999944e-01 -8.746354092479559361e-02
2.000000000000000111e-01 -1.343107293384065981e-01
2.500000000000000000e-01 -1.764899274960731457e-01
2.999999999999999889e-01 -1.948536232670046164e-01
4.000000000000000222e-01 -2.107153870327335143e-01
5.000000000000000000e-01 -2.234589426389907152e-01
5.999999999999999778e-01 -2.323857908880522793e-01
6.999999999999999556e-01 -2.351771858909014190e-01
8.000000000000000444e-01 -2.367152095387398125e-01
9.000000000000000222e-01 -2.368894242008804107e-01
9.499999999999999556e-01 -2.364291862237589970e-01
1.000000000000000000e+00 -2.307114770632422707e-01
