     1.000000    0.404131
     1.001250    0.408187
     0.976466    0.398462
     0.951539    0.388383
     0.935006    0.381561
     0.926495    0.378013
     0.901359    0.367412
     0.867585    0.352949
     0.799849    0.323555
     0.732130    0.294203
     0.664675    0.265506
     0.597647    0.237873
     0.531126    0.211502
     0.465108    0.186383
     0.399506    0.162299
     0.334148    0.138823
     0.268781    0.115323
     0.203065    0.090956
     0.136579    0.064671
     0.102892    0.050425
     0.077492    0.039168
     0.068817    0.035211
     0.051844    0.027294
     0.025915    0.014720
    -0.000331    0.001360
    -0.000395    0.002144
     0.000392    0.003157
     0.021002    0.002495
     0.042036    0.002885
     0.056150    0.003689
     0.063466    0.004263
     0.085270    0.006569
     0.115016    0.011009
     0.176177    0.024042
     0.239243    0.041814
     0.303874    0.063481
     0.369782    0.088327
     0.436730    0.115761
     0.504533    0.145323
     0.573057    0.176680
     0.642220    0.209624
     0.711989    0.244079
     0.782385    0.280093
     0.853478    0.317844
     0.889323    0.337461
     0.916230    0.352468
     0.925393    0.357636
     0.943272    0.367810
     0.970459    0.383513
     0.997802    0.399607
     1.000000    0.404131
