     1.000000    0.404131
     1.001031    0.406895
     1.001242    0.408604
     1.000973    0.409421
     1.000446    0.409850
     0.999723    0.410011
     0.998833    0.409961
     0.997764    0.409725
     0.996536    0.409321
     0.995112    0.408742
     0.993459    0.407975
     0.991515    0.406986
     0.989222    0.405744
     0.986159    0.404008
     0.981065    0.401056
     0.970087    0.395262
     0.964327    0.392852
     0.956250    0.390029
     0.945640    0.386064
     0.930473    0.379663
     0.913888    0.372729
     0.896691    0.365423
     0.879506    0.358073
     0.862241    0.350645
     0.845140    0.343248
     0.828040    0.335823
     0.810843    0.328341
     0.793544    0.320811
     0.776257    0.313295
     0.758950    0.305787
     0.741637    0.298300
     0.724356    0.290860
     0.707086    0.283464
     0.689810    0.276111
     0.672517    0.268802
     0.655205    0.261543
     0.637875    0.254339
     0.620529    0.247193
     0.603165    0.240110
     0.585783    0.233091
     0.568379    0.226137
     0.550951    0.219248
     0.533496    0.212423
     0.516015    0.205663
     0.498505    0.198965
     0.480966    0.192327
     0.463400    0.185746
     0.445806    0.179219
     0.428186    0.172739
     0.410537    0.166300
     0.392857    0.159895
     0.375142    0.153513
     0.357395    0.147144
     0.339624    0.140783
     0.321847    0.134422
     0.304085    0.128058
     0.286357    0.121682
     0.268674    0.115284
     0.251044    0.108854
     0.233471    0.102377
     0.215955    0.095835
     0.198494    0.089211
     0.181086    0.082490
     0.163737    0.075660
     0.146463    0.068715
     0.129291    0.061654
     0.112243    0.054461
     0.095304    0.047098
     0.078428    0.039587
     0.063564    0.032687
     0.053517    0.027995
     0.044111    0.024381
     0.039034    0.022357
     0.034523    0.020185
     0.028384    0.016470
     0.021087    0.010963
     0.017739    0.008243
     0.015296    0.006264
     0.013268    0.004656
     0.011409    0.003232
     0.009880    0.002115
     0.008537    0.001191
     0.007343    0.000427
     0.006241   -0.000213
     0.005218   -0.000734
     0.004270   -0.001134
     0.003399   -0.001406
     0.002577   -0.001546
     0.001815   -0.001528
     0.001123   -0.001314
     0.000491   -0.000823
    -0.000124    0.000352
    -0.000395    0.002144
     0.000707    0.003479
     0.001982    0.004439
     0.004497    0.005323
     0.007456    0.005444
     0.010967    0.004935
     0.016075    0.003675
     0.028592    0.001805
     0.042777    0.002947
     0.056888    0.003736
     0.075170    0.005406
     0.092612    0.007528
     0.109945    0.010153
     0.127793    0.013330
     0.145809    0.016979
     0.163697    0.021008
     0.181376    0.025357
     0.198937    0.030009
     0.216470    0.034961
     0.234022    0.040204
     0.251588    0.045711
     0.269136    0.051456
     0.286644    0.057414
     0.304102    0.063563
     0.321516    0.069889
     0.338894    0.076381
     0.356241    0.083029
     0.373560    0.089821
     0.390850    0.096747
     0.408110    0.103795
     0.425338    0.110959
     0.442537    0.118228
     0.459706    0.125597
     0.476847    0.133060
     0.493962    0.140611
     0.511049    0.148245
     0.528111    0.155958
     0.545147    0.163744
     0.562157    0.171602
     0.579141    0.179527
     0.596100    0.187518
     0.613033    0.195571
     0.629940    0.203686
     0.646822    0.211859
     0.663676    0.220091
     0.680502    0.228379
     0.697301    0.236724
     0.714071    0.245126
     0.730814    0.253584
     0.747527    0.262099
     0.764211    0.270672
     0.780863    0.279301
     0.797479    0.287986
     0.814057    0.296727
     0.830594    0.305528
     0.847093    0.314390
     0.863556    0.323320
     0.879993    0.332318
     0.896412    0.341384
     0.912749    0.350505
     0.928669    0.359463
     0.943137    0.367729
     0.957087    0.376389
     0.970791    0.383661
     0.981116    0.387904
     0.988441    0.391385
     0.993916    0.395173
     0.998009    0.399932
     1.000000    0.404131
