     1.000000    0.350200
     0.999462    0.349667
     0.974886    0.341899
     0.950219    0.333861
     0.933863    0.328416
     0.925471    0.325591
     0.900657    0.317125
     0.867351    0.305541
     0.800540    0.281787
     0.733607    0.257679
     0.666698    0.233640
     0.599923    0.209993
     0.533359    0.186961
     0.467047    0.164669
     0.400997    0.143139
     0.335181    0.122297
     0.269540    0.101964
     0.203979    0.081866
     0.138369    0.061626
     0.105497    0.051307
     0.080894    0.043459
     0.072548    0.040768
     0.056238    0.035457
     0.031518    0.027267
     0.006722    0.018854
     0.003060    0.009189
     0.000152   -0.000355
     0.021874   -0.000928
     0.043933   -0.000518
     0.058694    0.000263
     0.066307    0.000814
     0.088975    0.003006
     0.119749    0.007189
     0.182595    0.019349
     0.246902    0.035783
     0.312386    0.055656
     0.378804    0.078259
     0.445957    0.103011
     0.513690    0.129458
     0.581891    0.157274
     0.650491    0.186259
     0.719467    0.216339
     0.788836    0.247570
     0.858660    0.280131
     0.893774    0.297003
     0.920105    0.309901
     0.929045    0.314332
     0.946530    0.323079
     0.973061    0.336562
     0.999706    0.350381
     1.000000    0.350200
