1.000000000000000000e+00 -2.817875556264425735e-02
9.993893636864926711e-01 -2.739170972687923408e-02
9.727064090563600773e-01 -2.119515226266934643e-02
9.462609400462084208e-01 -1.580732184300939064e-02
9.288818787324455428e-01 -1.264023995186169466e-02
9.200247380141921560e-01 -1.113212347560935123e-02
8.939713803071651643e-01 -7.079578179049694775e-03
8.593445207101014782e-01 -2.484812325668298624e-03
7.907314396353726238e-01 4.523107825123316196e-03
7.226797122875183721e-01 9.619409324988984281e-03
6.549186290614137373e-01 1.372595927014064882e-02
5.872696939675494665e-01 1.745060302852628059e-02
5.196466246320328164e-01 2.108716423982987670e-02
4.520553522965859439e-01 2.461544481547152732e-02
3.845940218185474047e-01 2.770122493860732726e-02
3.174529916708715982e-01 2.969626306412945921e-02
2.509148339421286011e-01 2.963829591866612781e-02
1.853543343365041396e-01 2.625103850058157703e-02
1.212384921738003385e-01 1.794418407997616649e-02
8.989346958150155886e-02 1.136307182431229787e-02
6.684683608029043378e-02 5.176600624037734633e-03
5.912652038943461835e-02 2.813404198686179740e-03
4.415764314128704793e-02 -2.227088905076031813e-03
2.186254702984054277e-02 -1.097282500796608468e-02
0.000000000000000000e+00 -2.119155194043981574e-02
1.672300141820384474e-03 -2.817875556264439960e-02
0.000000000000000000e+00 -2.817875556264439960e-02
2.389347791286092638e-03 -3.502297688821909977e-02
2.768334307620470836e-02 -3.648961013072268139e-02
5.288015905574810355e-02 -3.762531162066857365e-02
6.950086747296105316e-02 -3.820991926852575216e-02
7.798888413945309628e-02 -3.846103077968910516e-02
1.030182452260006987e-01 -3.902648595022098488e-02
1.364083953644669167e-01 -3.940979518783420399e-02
2.028820267553755330e-01 -3.913209181372426931e-02
2.690601886309407220e-01 -3.784820462133697827e-02
3.350627464881914541e-01 -3.596632030072845904e-02
4.009910043359327658e-01 -3.383141675686987537e-02
4.669277046947450382e-01 -3.172526310964748214e-02
5.329370285969844412e-01 -2.986641969386258713e-02
5.990645955867827110e-01 -2.841023805923155801e-02
6.653374637200474284e-01 -2.744886097038584313e-02
7.317641295644613519e-01 -2.701122240687194379e-02
7.983345281994832510e-01 -2.706304756315140725e-02
8.650200332163474615e-01 -2.750685284860093088e-02
8.983919294582949355e-01 -2.782800076552296997e-02
9.233324535032002567e-01 -2.809093270058637959e-02
9.317734567180641081e-01 -2.818194588751217131e-02
9.482747691098336595e-01 -2.835996557103032459e-02
9.732149061516586208e-01 -2.862157961637249934e-02
9.981485329912830329e-01 -2.886102399693480508e-02
9.983276998581795958e-01 -2.817875556264425735e-02
