1.029444173720984246e+01 2.960374363575246193e+00
1.028237353424515277e+01 2.967047740718449678e+00
9.659155997770124458e+00 2.732079816294664010e+00
9.033658853365736263e+00 2.504609255778131871e+00
8.618957764065502403e+00 2.357916721699913065e+00
8.406248115612276806e+00 2.283843354332878217e+00
7.777266719502788916e+00 2.069060131717087359e+00
6.933331288568543194e+00 1.789766744200528503e+00
5.241463748437034553e+00 1.254640400107836395e+00
3.548086815416273687e+00 7.443509296174324330e-01
1.856746097318966449e+00 2.543461219046649902e-01
1.698011380252196778e-01 -2.162916848753676791e-01
-1.511574582517437149e+00 -6.648456035878110848e-01
-3.187393648294066573e+00 -1.084964198118059109e+00
-4.858854707222318048e+00 -1.466661483371751729e+00
-6.528342471152431159e+00 -1.796316925274777043e+00
-8.199427715867235733e+00 -2.056675440773270136e+00
-9.876867281082146732e+00 -2.226847397833612074e+00
-1.156660407044516603e+01 -2.282308615442431243e+00
-1.241826539592878476e+01 -2.258365068399190267e+00
-1.305819359671992252e+01 -2.214913875437546587e+00
-1.327576705153688685e+01 -2.194900363606604010e+00
-1.370182382645161034e+01 -2.147723467657684182e+00
-1.434962391987133756e+01 -2.055031319827237191e+00
-1.500208479131383221e+01 -1.935004182119678395e+00
-1.502203220835662023e+01 -1.883908539682636718e+00
-1.502203220835662023e+01 -1.883908539682636718e+00
-1.502199408976021644e+01 -1.830957154838627643e+00
-1.443767684512571137e+01 -1.594862161140390588e+00
-1.384812907650879055e+01 -1.383124635355541310e+00
-1.345557185574603665e+01 -1.255231122161750479e+00
-1.325370157449787989e+01 -1.193179033684736323e+00
-1.265473159659842217e+01 -1.022580427449769624e+00
-1.184632900198443295e+01 -8.204516011717204460e-01
-1.020974821286436196e+01 -4.871943666754259272e-01
-8.551217634245963595e+00 -2.182030639931116234e-01
-6.875429944543101080e+00 1.758022986822549427e-02
-5.186382354723359178e+00 2.450150062148352959e-01
-3.487376608308045522e+00 4.827623246662152701e-01
-1.781018981372189280e+00 7.432848131551106352e-01
-6.922028254454480611e-02 1.032846667927513451e+00
1.646804146992411955e+00 1.351513653542663951e+00
3.366534433502478940e+00 1.693153102873048432e+00
5.090146170695741823e+00 2.045433917104402699e+00
6.818510419728554872e+00 2.389826565735708730e+00
7.684937109675993305e+00 2.551579466005428731e+00
8.333319994250537377e+00 2.664969502665778478e+00
8.553193709203545936e+00 2.701603086579194901e+00
8.982847658656250900e+00 2.770151197216080163e+00
9.633658253116959003e+00 2.865332353579071345e+00
1.028590346093944241e+01 2.948600160556347216e+00
1.029444173720984246e+01 2.960374363575246193e+00
