9.161007032421858653e+00 2.562047377422086214e+00
9.150685881593179971e+00 2.559321428626434081e+00
8.616607450992189499e+00 2.520666898033149472e+00
8.079864452751719384e+00 2.466641777981445571e+00
7.724135125146221803e+00 2.423797843017833742e+00
7.540905131594485056e+00 2.399831773374323074e+00
7.000147928171582379e+00 2.322650663980557084e+00
6.273628417366663435e+00 2.206895803123388955e+00
4.816297973495444751e+00 1.950630962118763190e+00
3.357795161872715095e+00 1.687603304086799483e+00
1.902235878648586009e+00 1.441555423900862332e+00
4.522005477831342324e-01 1.227372527224838139e+00
-9.912658789535991888e-01 1.051082430513135435e+00
-2.428653921981609454e+00 9.098555610106837666e-01
-3.861989573910927565e+00 7.920049567529354739e-01
-5.294834299541619771e+00 6.769862665658641365e-01
-6.732285035863788458e+00 5.353977500659655719e-01
-8.180974192057572481e+00 3.289802776602570589e-01
-9.649069649493148049e+00 1.061733054627778117e-02
-1.039336705978174713e+01 -2.076895505140488041e-01
-1.095453074810836291e+01 -4.025857057174830889e-01
-1.114627476173071940e+01 -4.756649992879105060e-01
-1.152109019421023284e+01 -6.286073524834663306e-01
-1.209367455258980328e+01 -8.893837758861460330e-01
-1.267294278182114198e+01 -1.188716186133893515e+00
-1.268921958484557599e+01 -1.225797383976983568e+00
-1.268921958484557599e+01 -1.225797383976983568e+00
-1.268472148359562190e+01 -1.256661764488206767e+00
-1.215541799000411416e+01 -1.245551513640381414e+00
-1.162648619884442702e+01 -1.236585432599159651e+00
-1.127727099683600720e+01 -1.231318307002179813e+00
-1.109774117471177846e+01 -1.228696719328396414e+00
-1.056900845012219925e+01 -1.220878956115059921e+00
-9.860474933944702869e+00 -1.208876514721078488e+00
-8.441169595707892270e+00 -1.171959938387816091e+00
-7.016841246822981049e+00 -1.106068066635774727e+00
-5.585515447473569317e+00 -9.998113203908378654e-01
-4.145757053329462316e+00 -8.449110528713910107e-01
-2.696670215546672189e+00 -6.361995495883222551e-01
-1.237898380767412210e+00 -3.716200283450213915e-01
2.303757088798993047e-01 -5.222663923738032898e-02
1.707430015780640797e+00 3.178155353462067678e-01
3.192003206833986972e+00 7.312304807248437566e-01
4.682294653452908406e+00 1.177631249925132462e+00
6.175964431564173296e+00 1.643519963681172369e+00
6.923187505047039281e+00 1.878703566948274117e+00
7.480843708377541645e+00 2.053366754105396375e+00
7.670133321608343380e+00 2.112287810434561486e+00
8.038163088064960604e+00 2.226086970154937283e+00
8.594952170486068965e+00 2.395748160248215353e+00
9.151007014096824932e+00 2.561173885213440471e+00
9.161007032421858653e+00 2.562047377422086214e+00
