1.000000000000000000e+00 -3.444662039535952708e-02
9.997217485459425346e-01 -3.486099883646653907e-02
9.737317412426204077e-01 -3.017564973477820239e-02
9.478119155618366376e-01 -2.578901335728746996e-02
9.306982858771655209e-01 -2.303931502907418521e-02
9.219567501026986189e-01 -2.167758906889334300e-02
8.961611881070190577e-01 -1.781985388453146552e-02
8.617226825020439795e-01 -1.302002872413432488e-02
7.931041132028991969e-01 -4.520379862856736299e-03
7.247828166862891885e-01 2.713992427590395523e-03
6.567228842603314298e-01 8.835925639225793507e-03
5.889122598347030779e-01 1.389673388325500178e-02
5.213627399206407498e-01 1.784620789007044725e-02
4.541099736309407997e-01 2.053261500925145436e-02
3.872134626799586532e-01 2.170269920956418436e-02
3.207565613836099727e-01 2.100168107896172726e-02
2.548464766593693809e-01 1.797325782458396998e-02
1.896142680262712932e-01 1.205960327275772299e-02
1.252148476049097514e-01 2.601367868996668723e-03
9.338236520705477106e-02 -3.690774687577487098e-03
6.977719946347098190e-02 -9.155982003973528113e-03
6.182698011743825023e-02 -1.116232132199868055e-02
4.633749801884174541e-02 -1.532545191377242787e-02
2.307452270587890056e-02 -2.224711794440140111e-02
0.000000000000000000e+00 -2.997089127332419958e-02
6.759502166304981853e-04 -3.444662039535961034e-02
0.000000000000000000e+00 -3.444662039535961034e-02
1.412657200082634594e-03 -3.886059186244937569e-02
2.714341349599758493e-02 -4.244249576192452716e-02
5.267037958561560096e-02 -4.515701122713543236e-02
6.945898625395807713e-02 -4.652332018470119873e-02
7.801614915836947717e-02 -4.710030335481287661e-02
1.032022322240185030e-01 -4.836392479621099555e-02
1.366959049414739613e-01 -4.914227545182739409e-02
2.031147761873507429e-01 -4.827939073041405404e-02
2.690413216988470912e-01 -4.532102921621489200e-02
3.347456320947381769e-01 -4.141677254608028269e-02
4.004421669053156441e-01 -3.747942079795702625e-02
4.662897545723873605e-01 -3.418499249088860492e-02
5.323915924492775842e-01 -3.197272458501502351e-02
5.987952468008268525e-01 -3.104507248157288915e-02
6.654926528033925370e-01 -3.136771002289536620e-02
7.324201145448475669e-01 -3.266952949241218318e-02
7.994583050245819278e-01 -3.444264161464968138e-02
8.664322661535019954e-01 -3.594237555523067951e-02
8.998252746828072635e-01 -3.629227111414454893e-02
9.247081408139793401e-01 -3.626531600224474489e-02
9.331114087540298696e-01 -3.618727892087474779e-02
9.495159466474247800e-01 -3.591888315241392043e-02
9.742321425719447925e-01 -3.518253276478753439e-02
9.988390952966659242e-01 -3.398121259402420158e-02
9.993240497833696390e-01 -3.444662039535952708e-02
