1.000000000000000000e+00 -2.796474991675152941e-02
9.997059833852156574e-01 -2.826461268061503801e-02
9.730568950068354539e-01 -2.325764249724684637e-02
9.465223172804291263e-01 -1.856524932170817294e-02
9.290342858208787691e-01 -1.562186070377328748e-02
9.200923777099879741e-01 -1.416031200674804612e-02
8.937580494302510559e-01 -1.001803247275484358e-02
8.586386089383213349e-01 -4.844944821781440973e-03
7.888038035817277471e-01 4.391177401507975753e-03
7.194244083914775878e-01 1.237622328391132891e-02
6.504384224528064751e-01 1.928051813502284009e-02
5.818273052958069513e-01 2.515499525621461147e-02
5.136159768954278171e-01 2.993119594063661099e-02
4.458728176714748526e-01 3.342126947321662211e-02
3.787096684886102627e-01 3.531797313066033228e-02
3.122818306563531210e-01 3.519467218145123921e-02
2.467880659290788703e-01 3.250533988585070644e-02
1.824705965060196833e-01 2.658455749589795983e-02
1.196151050312643099e-01 1.664751425541010840e-02
8.883676056616876537e-02 9.894995202660095482e-03
6.616496977312842642e-02 3.975764617089917047e-03
5.855073459375808448e-02 1.790007399981981924e-03
4.378765176113934982e-02 -2.752424478050111492e-03
2.172548660243611013e-02 -1.034638317529340198e-02
0.000000000000000000e+00 -1.886524563481253164e-02
2.909182164172140032e-03 -2.796474991675179655e-02
0.000000000000000000e+00 -2.796474991675179655e-02
3.662525740879940105e-03 -3.691865964891252044e-02
2.846219111176273575e-02 -3.684500243314103862e-02
5.318578304145831631e-02 -3.656236068107088927e-02
6.949839939006216549e-02 -3.627671722044508579e-02
7.784522882942432331e-02 -3.610350037656619854e-02
1.024517906210657692e-01 -3.549936023093585441e-02
1.353293145915635542e-01 -3.451358511271249152e-02
2.009488630839570689e-01 -3.216979866619112255e-02
2.665198839051519664e-01 -2.969269982174409239e-02
3.321710310883828621e-01 -2.743571946219910268e-02
3.979967736622096464e-01 -2.565837741234813091e-02
4.640573956505179010e-01 -2.452628243894763860e-02
5.303789960725182606e-01 -2.411113225071851926e-02
5.969534889427470237e-01 -2.439071349834608451e-02
6.637386032710658190e-01 -2.524890177448006409e-02
7.306578830626621057e-01 -2.647566161373463706e-02
7.976006873180478962e-01 -2.776704649268837630e-02
8.644221900330614217e-01 -2.872519882988428669e-02
8.977328477244121974e-01 -2.892930349618614075e-02
9.225509833490067590e-01 -2.890638668793480207e-02
9.309433801988659107e-01 -2.885834998582982591e-02
9.473018574854260576e-01 -2.869869302855472537e-02
9.719733654727634731e-01 -2.827296929711727372e-02
9.965527374960601037e-01 -2.759413500013875586e-02
9.970908178358278695e-01 -2.796474991675152941e-02
