1.000000000000000000e+00 -2.817875407734323628e-02
9.993893637433393096e-01 -2.739170843809168171e-02
9.727064097022156686e-01 -2.119515296747692332e-02
9.462609410850895131e-01 -1.580732387037544345e-02
9.288818799373823598e-01 -1.264024253244152261e-02
9.200247392781907285e-01 -1.113212625053773899e-02
8.939713816548298109e-01 -7.079581217042704711e-03
8.593445219914023214e-01 -2.484815104693171694e-03
7.907314403715149931e-01 4.523106978333588449e-03
7.226797122347028424e-01 9.619411249264736910e-03
6.549186282704215767e-01 1.372596379700633321e-02
5.872696927006006984e-01 1.745060926674447954e-02
5.196466232796430607e-01 2.108717085994532905e-02
4.520553512944245900e-01 2.461545033435511703e-02
3.845940215642948967e-01 2.770122800400012450e-02
3.174529924410772752e-01 2.969626273918665738e-02
2.509148358090679820e-01 2.963829196650121650e-02
1.853543370850370409e-01 2.625103166881016803e-02
1.212384952182278541e-01 1.794417638526006609e-02
8.989347241570555536e-02 1.136306492875401378e-02
6.684683855031424426e-02 5.176595036574810869e-03
5.912652269035703623e-02 2.813399211277475831e-03
4.415764503809838787e-02 -2.227092467132534871e-03
2.186254811398946271e-02 -1.097282572316062715e-02
0.000000000000000000e+00 -2.119154887763050402e-02
1.672300614474799647e-03 -2.817875407734355894e-02
0.000000000000000000e+00 -2.817875407734355894e-02
2.389348286161037480e-03 -3.502297705796397070e-02
2.768334375352822854e-02 -3.648961095525885684e-02
5.288015984419746490e-02 -3.762531285860476471e-02
6.950086830094419355e-02 -3.820992066497873318e-02
7.798888497835006206e-02 -3.846103222574346475e-02
1.030182460646794917e-01 -3.902648743307365886e-02
1.364083961398087075e-01 -3.940979650692803121e-02
2.028820272627895882e-01 -3.913209232897814360e-02
2.690601887965426986e-01 -3.784820408567549088e-02
3.350627463470425282e-01 -3.596631883623891551e-02
4.009910039995827624e-01 -3.383141474455964720e-02
4.669277043187758380e-01 -3.172526107920139310e-02
5.329370283485531656e-01 -2.986641821340023026e-02
5.990645956121652960e-01 -2.841023762506466113e-02
6.653374641121815314e-01 -2.744886189677559277e-02
7.317641303304903699e-01 -2.701122471578636802e-02
7.983345292282987282e-01 -2.706305087402272741e-02
8.650200342461330516e-01 -2.750685626808286460e-02
8.983919303344131135e-01 -2.782800371391763034e-02
9.233324541768024307e-01 -2.809093499824081783e-02
9.317734573038385371e-01 -2.818194789923733623e-02
9.482747694931065174e-01 -2.835996691888108268e-02
9.732149061445994898e-01 -2.862157967390654978e-02
9.981485324810674964e-01 -2.886102238004241080e-02
9.983276993855252357e-01 -2.817875407734323628e-02
